# Blender 4.3.2
# www.blender.org
mtllib obj_crystal.mtl
o obj_crystal
v 0.481512 0.804263 0.585829
v 0.652413 0.026440 0.585829
v 0.226046 0.748133 0.585829
v 0.396948 -0.029690 0.585829
v 0.481512 0.804263 0.324269
v 0.652413 0.026440 0.324269
v 0.226046 0.748133 0.324269
v 0.396948 -0.029690 0.324269
v 0.367656 0.399665 0.331049
v 0.487355 0.383438 0.523724
v 0.346253 0.623767 0.363221
v 0.465948 0.607538 0.555896
v 0.548250 0.144191 0.736615
v 0.460866 0.189074 0.884693
v 0.535227 0.311516 0.678214
v 0.447843 0.356398 0.826292
v 0.862278 0.271466 0.490094
v 0.798341 0.304307 0.598442
v 0.852750 0.393896 0.447364
v 0.788811 0.426736 0.555712
v 0.542402 0.142721 0.733639
v 0.455018 0.187603 0.881717
v 0.529380 0.310045 0.675239
v 0.441996 0.354926 0.823318
v 0.857861 0.271466 0.484678
v 0.793922 0.304307 0.593026
v 0.848331 0.393896 0.441947
v 0.784394 0.426736 0.550294
v 0.371514 0.400957 0.328655
v 0.491210 0.384728 0.521330
v 0.350108 0.625057 0.360827
v 0.469805 0.608828 0.553502
v 0.632664 0.235600 0.970975
v 0.656015 -0.071294 0.661636
v 0.353463 0.223847 0.961559
v 0.376815 -0.083047 0.652220
v 0.630954 0.434026 0.773987
v 0.654305 0.127132 0.464648
v 0.351755 0.422273 0.764572
v 0.375105 0.115379 0.455233
v 0.551273 0.375688 0.236731
v 0.585470 0.057671 0.441203
v 0.309635 0.347918 0.233951
v 0.343832 0.029900 0.438425
v 0.568557 0.245786 0.031805
v 0.602754 -0.072230 0.236278
v 0.326919 0.218017 0.029026
v 0.361116 -0.100000 0.233498
v 0.974307 0.407246 0.607132
v 0.670824 -0.097798 0.607132
v 0.750111 0.541967 0.607132
v 0.446628 0.036922 0.607132
v 0.974307 0.407246 0.345572
v 0.670824 -0.097798 0.345572
v 0.750111 0.541967 0.345572
v 0.446628 0.036922 0.345572
v 0.155306 0.317335 0.680320
v 0.489479 0.078290 0.587434
v 0.025692 0.162983 0.611237
v 0.359865 -0.076061 0.518351
v 0.160473 0.400720 0.484316
v 0.494646 0.161675 0.391432
v 0.030858 0.246368 0.415235
v 0.365033 0.007324 0.322349
v 0.862958 0.201575 0.265087
v 0.625434 -0.051262 0.417029
v 0.758262 0.325846 0.308213
v 0.520739 0.073009 0.460154
v 0.784311 0.186619 0.117253
v 0.546786 -0.066218 0.269194
v 0.679616 0.310889 0.160378
v 0.442091 0.058052 0.312320
vn 0.2146 -0.9767 0.0000
vn 0.9767 0.2146 0.0000
vn 0.0000 0.0000 -1.0000
vn -0.9767 -0.2146 0.0000
vn -0.2146 0.9767 0.0000
vn 0.0000 0.0000 1.0000
vn -0.8450 -0.1542 0.5120
vn -0.8676 -0.2227 -0.4445
vn 0.8676 0.2227 0.4445
vn 0.8450 0.1542 -0.5120
vn 0.0535 -0.7033 -0.7089
vn 0.9985 0.0420 0.0337
vn -0.0061 0.7097 -0.7045
vn -0.9985 -0.0420 -0.0337
vn -0.0535 0.7033 0.7089
vn 0.0061 -0.7097 0.7045
vn 0.0901 -0.8377 0.5386
vn 0.9934 0.1142 0.0114
vn 0.0711 -0.5340 -0.8425
vn -0.9934 -0.1142 -0.0114
vn -0.0901 0.8377 -0.5386
vn -0.0711 0.5340 0.8425
vn -0.5151 -0.8572 0.0000
vn 0.8572 -0.5151 0.0000
vn -0.8572 0.5151 0.0000
vn 0.5151 0.8572 0.0000
vn 0.7933 -0.5675 -0.2205
vn 0.6083 0.7244 0.3242
vn 0.0243 0.3914 -0.9199
vn -0.6083 -0.7244 -0.3242
vn -0.7933 0.5675 0.2205
vn -0.0243 -0.3914 0.9199
vn -0.6272 -0.6676 0.4012
vn 0.6227 -0.7392 -0.2565
vn -0.4678 -0.0890 -0.8793
vn -0.6227 0.7392 0.2565
vn 0.6272 0.6676 -0.4012
vn 0.4678 0.0890 0.8793
vt 0.090331 0.976244
vt 0.000000 0.988424
vt -0.000000 0.852882
vt 0.090331 0.840702
vt 0.135435 0.415901
vt 0.135435 0.001066
vt 0.270870 0.000000
vt 0.270870 0.414836
vt 0.270870 0.654367
vt 0.270870 0.328668
vt 0.406799 0.336499
vt 0.406799 0.662198
vt 0.000000 0.414836
vt 0.000000 0.000000
vt 0.135435 0.001066
vt 0.135435 0.415901
vt 0.234268 1.000000
vt 0.143937 0.987820
vt 0.143937 0.852278
vt 0.234268 0.864458
vt 0.406799 0.662198
vt 0.406799 0.336499
vt 0.542728 0.328668
vt 0.542728 0.654367
vt 0.000000 0.000000
vt 1.000000 0.000000
vt 1.000000 1.000000
vt 0.000000 1.000000
vt 0.760931 0.294214
vt 0.697105 0.293525
vt 0.697105 0.225696
vt 0.760931 0.226384
vt 0.760931 0.294214
vt 0.760932 0.226383
vt 0.824756 0.225696
vt 0.824756 0.293526
vt 0.955979 0.927846
vt 0.810896 0.928005
vt 0.810896 0.782082
vt 0.955979 0.781923
vt 0.665814 0.781923
vt 0.665814 0.556511
vt 0.811732 0.556227
vt 0.811732 0.781638
vt 0.665814 0.556045
vt 0.665814 0.328668
vt 0.811711 0.328850
vt 0.811711 0.556227
vt 0.697105 0.225411
vt 0.697105 0.000000
vt 0.843023 0.000284
vt 0.843023 0.225696
vt 0.810896 0.928005
vt 0.665814 0.927846
vt 0.665814 0.781923
vt 0.810896 0.782082
vt 0.000000 0.643460
vt 0.000000 0.416083
vt 0.145896 0.415902
vt 0.145896 0.643279
vt 0.965285 0.126835
vt 0.843023 0.128308
vt 0.843023 0.001473
vt 0.965285 0.000000
vt 0.396954 0.860673
vt 0.396954 0.662623
vt 0.523038 0.662198
vt 0.523038 0.860248
vt 0.143937 0.852036
vt 0.143937 0.655036
vt 0.270870 0.655278
vt 0.270870 0.852278
vt 0.270870 0.860248
vt 0.270870 0.662198
vt 0.396954 0.662623
vt 0.396954 0.860673
vt 0.965285 0.256616
vt 0.843023 0.255143
vt 0.843023 0.128308
vt 0.965285 0.129781
vt 0.000000 0.840702
vt -0.000000 0.643702
vt 0.126933 0.643460
vt 0.126933 0.840460
vt 0.422444 0.323857
vt 0.287091 0.328668
vt 0.270870 0.241815
vt 0.406223 0.237003
vt 0.438665 0.323856
vt 0.422444 0.086853
vt 0.557798 0.091665
vt 0.574019 0.328668
vt 0.697105 -0.000000
vt 0.697105 0.266116
vt 0.574019 0.295702
vt 0.574019 0.029586
vt 0.287091 0.004812
vt 0.422444 -0.000000
vt 0.438665 -0.000000
vt 0.574019 0.004812
vt 0.665814 0.358254
vt 0.665814 0.624370
vt 0.542728 0.594784
vt 0.542728 0.328668
vt 0.156447 0.581168
vt 0.267588 0.580228
vt 0.270870 0.654096
vt 0.159729 0.655036
vt 0.159729 0.416841
vt 0.270870 0.415901
vt 0.811711 0.542409
vt 0.811711 0.328668
vt 0.919841 0.334746
vt 0.919841 0.548486
vt 0.546009 0.862565
vt 0.542728 0.698238
vt 0.653869 0.699178
vt 0.657151 0.863505
vt 0.546009 0.624370
vt 0.657151 0.625310
vt 0.811732 0.776045
vt 0.811732 0.562304
vt 0.919862 0.556227
vt 0.919862 0.769967
vt 0.375000 0.000000
vt 0.625000 0.000000
vt 0.625000 0.250000
vt 0.375000 0.250000
vt 0.625000 0.500000
vt 0.375000 0.500000
vt 0.625000 0.750000
vt 0.375000 0.750000
vt 0.625000 1.000000
vt 0.375000 1.000000
vt 0.125000 0.500000
vt 0.125000 0.750000
vt 0.875000 0.500000
vt 0.875000 0.750000
s 0
usemtl mat_crystal.001
f 6/1/1 2/2/1 4/3/1 8/4/1
f 6/5/2 5/6/2 1/7/2 2/8/2
f 8/9/3 7/10/3 5/11/3 6/12/3
f 4/13/4 3/14/4 7/15/4 8/16/4
f 1/17/5 5/18/5 7/19/5 3/20/5
f 2/21/6 1/22/6 3/23/6 4/24/6
s 1
f 17/29/8 18/30/8 20/31/8 19/32/8
f 25/33/9 27/34/9 28/35/9 26/36/9
s 0
f 38/37/11 34/38/11 36/39/11 40/40/11
f 38/41/12 37/42/12 33/43/12 34/44/12
f 40/45/13 39/46/13 37/47/13 38/48/13
f 36/49/14 35/50/14 39/51/14 40/52/14
f 33/53/15 37/54/15 39/55/15 35/56/15
f 34/57/16 33/58/16 35/59/16 36/60/16
f 46/61/17 42/62/17 44/63/17 48/64/17
f 46/65/18 45/66/18 41/67/18 42/68/18
f 48/69/19 47/70/19 45/71/19 46/72/19
f 44/73/20 43/74/20 47/75/20 48/76/20
f 41/77/21 45/78/21 47/79/21 43/80/21
f 42/81/22 41/82/22 43/83/22 44/84/22
f 54/85/23 50/86/23 52/87/23 56/88/23
f 54/89/24 53/90/24 49/91/24 50/92/24
f 56/93/3 55/94/3 53/95/3 54/96/3
f 52/87/25 51/97/25 55/98/25 56/88/25
f 49/91/26 53/90/26 55/99/26 51/100/26
f 50/101/6 49/102/6 51/103/6 52/104/6
f 62/105/27 58/106/27 60/107/27 64/108/27
f 62/105/28 61/109/28 57/110/28 58/106/28
f 64/111/29 63/112/29 61/113/29 62/114/29
f 60/115/30 59/116/30 63/117/30 64/118/30
f 57/119/31 61/120/31 63/117/31 59/116/31
f 58/121/32 57/122/32 59/123/32 60/124/32
f 70/125/33 66/126/33 68/127/33 72/128/33
f 70/128/34 69/127/34 65/129/34 66/130/34
f 72/130/35 71/129/35 69/131/35 70/132/35
f 68/132/36 67/131/36 71/133/36 72/134/36
f 65/135/37 69/130/37 71/132/37 67/136/37
f 66/129/38 65/137/38 67/138/38 68/131/38
s 1
usemtl mat_verse.001
f 9/25/7 10/26/7 12/27/7 11/28/7
f 13/25/8 14/26/8 16/27/8 15/28/8
f 21/25/9 23/28/9 24/27/9 22/26/9
f 29/25/10 31/28/10 32/27/10 30/26/10
