# Blender 4.3.2
# www.blender.org
mtllib obj_crystal_1.mtl
o obj_crystal
v 0.723597 0.110890 0.599277
v 0.712510 0.155773 0.770859
v 0.685602 0.278215 0.553053
v 0.674515 0.323096 0.724635
v 0.717034 0.109420 0.599263
v 0.705948 0.154301 0.770845
v 0.679041 0.276743 0.553039
v 0.667954 0.321625 0.724621
v 0.850525 0.218648 0.798963
v 0.731650 -0.088246 0.512424
v 0.597169 0.206894 0.916659
v 0.478294 -0.100000 0.630120
v 0.760033 0.417074 0.623983
v 0.641158 0.110180 0.337444
v 0.506679 0.405320 0.741679
v 0.387804 0.098426 0.455140
v 0.533286 0.397172 0.320056
v 0.656143 0.079156 0.487044
v 0.316441 0.369403 0.426709
v 0.439299 0.051385 0.593697
v 0.456156 0.267271 0.129414
v 0.579013 -0.050746 0.296401
v 0.239311 0.239501 0.236067
v 0.362169 -0.078515 0.403054
v 0.380229 0.294415 0.782650
v 0.636429 0.055370 0.548853
v 0.233386 0.140063 0.779553
v 0.489586 -0.098981 0.545755
v 0.296317 0.377800 0.605442
v 0.552517 0.138755 0.371644
v 0.149475 0.223447 0.602344
v 0.405675 -0.015596 0.368548
v 0.791089 0.215503 0.179719
v 0.647791 -0.037334 0.422557
v 0.717156 0.339773 0.265480
v 0.573859 0.086936 0.508317
v 0.654153 0.200546 0.083341
v 0.510855 -0.052291 0.326178
v 0.580219 0.324817 0.169102
v 0.436923 0.071980 0.411939
vn -0.9749 -0.2227 -0.0047
vn 0.9749 0.2227 0.0047
vn -0.2724 -0.7033 -0.6566
vn 0.9061 0.0420 -0.4209
vn -0.3236 0.7097 -0.6258
vn -0.9061 -0.0420 0.4209
vn 0.2724 0.7033 0.6566
vn 0.3236 -0.7097 0.6258
vn 0.3236 -0.8377 0.4399
vn 0.8915 0.1142 -0.4385
vn -0.3171 -0.5340 -0.7837
vn -0.8915 -0.1142 0.4385
vn -0.3236 0.8377 -0.4399
vn 0.3171 0.5340 0.7837
vn 0.6082 -0.5675 -0.5550
vn 0.6892 0.7244 0.0145
vn -0.3938 0.3914 -0.8317
vn -0.6892 -0.7244 -0.0145
vn -0.6082 0.5675 0.5550
vn 0.3938 -0.3914 0.8317
vn -0.3784 -0.6676 0.6412
vn 0.4398 -0.7392 -0.5101
vn -0.8145 -0.0890 -0.5733
vn -0.4398 0.7392 0.5101
vn 0.3784 0.6676 -0.6412
vn 0.8145 0.0890 0.5733
vt 0.000000 0.000000
vt 1.000000 0.000000
vt 1.000000 1.000000
vt 0.000000 1.000000
vt 0.955979 0.927846
vt 0.810896 0.928005
vt 0.810896 0.782082
vt 0.955979 0.781923
vt 0.665814 0.781923
vt 0.665814 0.556511
vt 0.811732 0.556227
vt 0.811732 0.781638
vt 0.665814 0.556045
vt 0.665814 0.328668
vt 0.811711 0.328850
vt 0.811711 0.556227
vt 0.697105 0.225411
vt 0.697105 0.000000
vt 0.843023 0.000284
vt 0.843023 0.225696
vt 0.810896 0.928005
vt 0.665814 0.927846
vt 0.665814 0.781923
vt 0.810896 0.782082
vt 0.000000 0.643460
vt 0.000000 0.416083
vt 0.145896 0.415902
vt 0.145896 0.643279
vt 0.965285 0.126835
vt 0.843023 0.128308
vt 0.843023 0.001473
vt 0.965285 0.000000
vt 0.396954 0.860673
vt 0.396954 0.662623
vt 0.523038 0.662198
vt 0.523038 0.860248
vt 0.143937 0.852036
vt 0.143937 0.655036
vt 0.270870 0.655278
vt 0.270870 0.852278
vt 0.270870 0.860248
vt 0.270870 0.662198
vt 0.396954 0.662623
vt 0.396954 0.860673
vt 0.965285 0.256616
vt 0.843023 0.255143
vt 0.843023 0.128308
vt 0.965285 0.129781
vt 0.000000 0.840702
vt -0.000000 0.643702
vt 0.126933 0.643460
vt 0.126933 0.840460
vt 0.156447 0.581168
vt 0.267588 0.580228
vt 0.270870 0.654096
vt 0.159729 0.655036
vt 0.159729 0.416841
vt 0.270870 0.415901
vt 0.811711 0.542409
vt 0.811711 0.328668
vt 0.919841 0.334746
vt 0.919841 0.548486
vt 0.546009 0.862565
vt 0.542728 0.698238
vt 0.653869 0.699178
vt 0.657151 0.863505
vt 0.546009 0.624370
vt 0.657151 0.625310
vt 0.811732 0.776045
vt 0.811732 0.562304
vt 0.919862 0.556227
vt 0.919862 0.769967
vt 0.375000 0.000000
vt 0.625000 0.000000
vt 0.625000 0.250000
vt 0.375000 0.250000
vt 0.625000 0.500000
vt 0.375000 0.500000
vt 0.625000 0.750000
vt 0.375000 0.750000
vt 0.625000 1.000000
vt 0.375000 1.000000
vt 0.125000 0.500000
vt 0.125000 0.750000
vt 0.875000 0.500000
vt 0.875000 0.750000
s 0
usemtl mat_crystal.001
f 14/5/3 10/6/3 12/7/3 16/8/3
f 14/9/4 13/10/4 9/11/4 10/12/4
f 16/13/5 15/14/5 13/15/5 14/16/5
f 12/17/6 11/18/6 15/19/6 16/20/6
f 9/21/7 13/22/7 15/23/7 11/24/7
f 10/25/8 9/26/8 11/27/8 12/28/8
f 22/29/9 18/30/9 20/31/9 24/32/9
f 22/33/10 21/34/10 17/35/10 18/36/10
f 24/37/11 23/38/11 21/39/11 22/40/11
f 20/41/12 19/42/12 23/43/12 24/44/12
f 17/45/13 21/46/13 23/47/13 19/48/13
f 18/49/14 17/50/14 19/51/14 20/52/14
f 30/53/15 26/54/15 28/55/15 32/56/15
f 30/53/16 29/57/16 25/58/16 26/54/16
f 32/59/17 31/60/17 29/61/17 30/62/17
f 28/63/18 27/64/18 31/65/18 32/66/18
f 25/67/19 29/68/19 31/65/19 27/64/19
f 26/69/20 25/70/20 27/71/20 28/72/20
f 38/73/21 34/74/21 36/75/21 40/76/21
f 38/76/22 37/75/22 33/77/22 34/78/22
f 40/78/23 39/77/23 37/79/23 38/80/23
f 36/80/24 35/79/24 39/81/24 40/82/24
f 33/83/25 37/78/25 39/80/25 35/84/25
f 34/77/26 33/85/26 35/86/26 36/79/26
s 1
usemtl mat_verse.001
f 1/1/1 2/2/1 4/3/1 3/4/1
f 5/1/2 7/4/2 8/3/2 6/2/2
