# Blender 4.3.2
# www.blender.org
mtllib obj_crystal_2.mtl
o obj_crystal
v 0.373809 0.414329 0.529999
v 0.626700 0.134152 0.489250
v 0.322954 0.335771 0.754522
v 0.575845 0.055595 0.713771
v 0.199669 0.270218 0.440134
v 0.452560 -0.009958 0.399385
v 0.148815 0.191662 0.664657
v 0.401706 -0.088514 0.623908
v 0.769615 0.327893 0.557627
v 0.489898 0.072659 0.373085
v 0.851185 0.161956 0.663491
v 0.571468 -0.093278 0.478951
v 0.632773 0.362456 0.717239
v 0.353056 0.107222 0.532699
v 0.714343 0.196519 0.823105
v 0.434626 -0.058715 0.638564
v 0.616896 0.234590 0.235903
v 0.588975 -0.071449 0.457243
v 0.552528 0.329419 0.358900
v 0.524607 0.023381 0.580240
v 0.462082 0.206039 0.176896
v 0.434161 -0.100000 0.398236
v 0.397714 0.300868 0.299893
v 0.369793 -0.005170 0.521233
vn 0.6662 -0.7380 -0.1073
vn 0.2091 0.3230 -0.9230
vn -0.7159 -0.5924 -0.3694
vn -0.2091 -0.3230 0.9230
vn -0.6662 0.7380 0.1073
vn 0.7159 0.5924 0.3694
vn -0.6640 -0.6059 -0.4381
vn -0.3828 0.7788 -0.4969
vn -0.6423 0.1622 0.7491
vn 0.3828 -0.7788 0.4969
vn 0.6640 0.6059 0.4381
vn 0.6423 -0.1622 -0.7491
vn -0.0737 -0.8081 0.5844
vn 0.3829 -0.5641 -0.7316
vn -0.9209 -0.1698 -0.3510
vn -0.3829 0.5641 0.7316
vn 0.0737 0.8081 -0.5844
vn 0.9209 0.1698 0.3510
vt 0.965285 0.126835
vt 0.843023 0.128308
vt 0.843023 0.001473
vt 0.965285 0.000000
vt 0.396954 0.860673
vt 0.396954 0.662623
vt 0.523038 0.662198
vt 0.523038 0.860248
vt 0.143937 0.852036
vt 0.143937 0.655036
vt 0.270870 0.655278
vt 0.270870 0.852278
vt 0.270870 0.860248
vt 0.270870 0.662198
vt 0.396954 0.662623
vt 0.396954 0.860673
vt 0.965285 0.256616
vt 0.843023 0.255143
vt 0.843023 0.128308
vt 0.965285 0.129781
vt 0.000000 0.840702
vt -0.000000 0.643702
vt 0.126933 0.643460
vt 0.126933 0.840460
vt 0.156447 0.581168
vt 0.267588 0.580228
vt 0.270870 0.654096
vt 0.159729 0.655036
vt 0.159729 0.416841
vt 0.270870 0.415901
vt 0.811711 0.542409
vt 0.811711 0.328668
vt 0.919841 0.334746
vt 0.919841 0.548486
vt 0.546009 0.862565
vt 0.542728 0.698238
vt 0.653869 0.699178
vt 0.657151 0.863505
vt 0.546009 0.624370
vt 0.657151 0.625310
vt 0.811732 0.776045
vt 0.811732 0.562304
vt 0.919862 0.556227
vt 0.919862 0.769967
vt 0.375000 0.000000
vt 0.625000 0.000000
vt 0.625000 0.250000
vt 0.375000 0.250000
vt 0.625000 0.500000
vt 0.375000 0.500000
vt 0.625000 0.750000
vt 0.375000 0.750000
vt 0.625000 1.000000
vt 0.375000 1.000000
vt 0.125000 0.500000
vt 0.125000 0.750000
vt 0.875000 0.500000
vt 0.875000 0.750000
s 0
usemtl mat_crystal.001
f 6/1/1 2/2/1 4/3/1 8/4/1
f 6/5/2 5/6/2 1/7/2 2/8/2
f 8/9/3 7/10/3 5/11/3 6/12/3
f 4/13/4 3/14/4 7/15/4 8/16/4
f 1/17/5 5/18/5 7/19/5 3/20/5
f 2/21/6 1/22/6 3/23/6 4/24/6
f 14/25/7 10/26/7 12/27/7 16/28/7
f 14/25/8 13/29/8 9/30/8 10/26/8
f 16/31/9 15/32/9 13/33/9 14/34/9
f 12/35/10 11/36/10 15/37/10 16/38/10
f 9/39/11 13/40/11 15/37/11 11/36/11
f 10/41/12 9/42/12 11/43/12 12/44/12
f 22/45/13 18/46/13 20/47/13 24/48/13
f 22/48/14 21/47/14 17/49/14 18/50/14
f 24/50/15 23/49/15 21/51/15 22/52/15
f 20/52/16 19/51/16 23/53/16 24/54/16
f 17/55/17 21/50/17 23/52/17 19/56/17
f 18/49/18 17/57/18 19/58/18 20/51/18
